/home/martin/Documents/Mnova Data/Modified/indanone/14142308-04.fid/fid
1	1.01814	1.56707	6.01088	
2	1.02061	1.99991	6.4918	
3	1.03003	1.02985	66.3005	
4	1.0377	1.55651	5.49456	
5	1.0448	1.97439	7.79727	
6	1.52629	1.03295	4.65524	
7	1.54371	1.54082	1.5897	
8	1.54851	1.99725	4.13187	
9	1.55819	2.63653	2.74021	
10	1.56839	1.99804	4.23338	
11	1.57286	1.57944	1.97357	
12	1.58963	1.02678	5.4288	
13	1.95022	1.03152	2.16404	
14	1.96423	1.54851	1.14356	
15	1.98152	1.03162	4.05205	
16	1.985	1.97638	1.30974	
17	1.99129	2.63719	1.43671	
18	1.99765	1.98524	1.51039	
19	2.00446	1.55905	0.903044	
20	2.00813	1.02802	3.80161	
21	2.026	1.56879	1.20856	
22	2.04044	1.02688	2.02879	
23	2.61197	2.87065	0.925962	
24	2.61946	3.36924	1.24557	
25	2.62092	3.3054	1.09016	
26	2.65494	3.37039	1.16544	
27	2.6561	3.30586	1.15493	
28	2.82141	2.87562	2.90075	
29	2.82278	3.33571	8.7468	
30	2.82397	2.80777	3.63245	
31	2.82411	2.63882	1.63719	
32	2.85495	2.79959	2.49084	
33	2.85824	2.63418	2.05393	
34	2.85905	3.3357	8.9106	
35	2.8603	3.34148	8.67851	
36	2.8609	2.87015	5.24673	
37	3.31226	2.63605	2.79282	
38	3.31919	3.37705	2.84574	
39	3.32349	2.84158	16.364	
40	3.32481	3.31014	5.57071	
41	3.32607	2.63677	2.84104	
42	3.34635	2.63506	2.36888	
43	3.34787	3.36944	3.72675	
44	3.35686	2.84067	16.0629	
45	3.36046	3.37352	4.02387	
46	3.36231	2.63454	2.50383	
47	4.41119	-0.0540571	15.7689	
48	7.36339	7.76643	2.00728	
49	7.36504	7.5966	2.41455	
50	7.37984	7.37917	5.11898	
51	7.39235	7.59761	2.37429	
52	7.39425	7.76677	1.98656	
53	7.47168	7.59647	4.69561	
54	7.486	7.5978	4.96215	
55	7.486	7.48309	7.27262	
56	7.58245	7.47848	3.53147	
57	7.58402	7.37984	2.68989	
58	7.59842	7.59588	5.43331	
59	7.61111	7.38022	2.22811	
60	7.61391	7.47984	2.55089	
61	7.75941	7.37864	4.95677	
62	7.76086	7.76373	4.43797	
63	7.77445	7.37892	5.04664	

/home/martin/Documents/Mnova Data/Modified/indanone/14142308-05.fid/fid
1	1.02956	11.8964	11.2422	
2	1.5625	24.7349	-3.44561	
3	1.98257	24.726	-3.11869	
4	2.63451	48.994	6.41856	
5	2.82244	32.5355	-9.94696	
6	2.85952	32.6121	-7.99368	
7	3.31145	32.5945	-5.32445	
8	3.36179	32.5439	-5.33336	
9	7.38142	127.551	6.78084	
10	7.47	126.787	5.50519	
11	7.48653	126.811	6.12309	
12	7.59896	134.834	2.58019	
13	7.75843	124.062	4.8427	
14	7.77444	124.061	4.92987	

/home/martin/Documents/Mnova Data/Modified/indanone/14142308-06.fid/fid

