/home/martin/Documents/Mnova Data/Modified/indanone/14142308-04.fid/fid
1	1.02792	1.56179	5.11195	
2	1.03003	1.02985	45.7692	
3	1.03271	1.98715	5.35381	
4	1.16541	4.08014	0.0799892	
5	1.55819	2.63653	2.74021	
6	1.55829	1.56013	1.58336	
7	1.55857	1.99765	3.95989	
8	1.56039	1.02963	0.826253	
9	1.98765	1.97993	1.31001	
10	1.988	1.55534	0.834879	
11	1.99129	2.63719	1.36691	
12	1.99422	1.02967	2.62389	
13	2.63325	1.57917	0.51575	
14	2.63406	1.99107	0.361941	
15	2.63412	3.34537	0.692989	
16	2.63607	2.84107	0.298514	
17	2.64776	2.63805	0.447044	
18	2.84171	2.83827	0.866278	
19	2.8431	2.63624	0.831733	
20	2.84741	3.33761	8.60711	
21	3.33488	3.34158	0.939165	
22	3.33561	2.63566	1.22801	
23	3.34002	2.84113	13.2361	
24	4.41119	-0.0540571	7.88194	
25	7.37858	7.5971	1.31016	
26	7.37874	7.7666	0.155858	
27	7.37984	7.37917	5.11898	
28	7.47904	7.59715	4.96215	
29	7.486	7.48309	7.27262	
30	7.59555	7.76363	0.284976	
31	7.59564	7.47905	0.637581	
32	7.59629	7.38001	1.35293	
33	7.59842	7.59588	5.41638	
34	7.76086	7.76373	3.92982	
35	7.76437	7.59934	0.374163	
36	7.767	7.37878	5.04664	

/home/martin/Documents/Mnova Data/Modified/indanone/14142308-05.fid/fid

/home/martin/Documents/Mnova Data/Modified/indanone/14142308-06.fid/fid

